-89.749    nan
-89.248    nan
-88.747    nan
-88.245    nan
-87.744    nan
-87.242 13.221
-86.741  8.246
-86.240  7.277
-85.738  6.638
-85.237  6.337
-84.735  5.921
-84.234  5.972
-83.733  5.675
-83.231  5.235
-82.730  4.987
-82.228  4.803
-81.727  4.573
-81.226  4.387
-80.724  4.160
-80.223  3.999
-79.721  3.856
-79.220  3.762
-78.719  3.688
-78.217  3.635
-77.716  3.604
-77.214  4.433
-76.713  4.905
-76.212  5.298
-75.710  5.659
-75.209  5.987
-74.708  6.312
-74.206  6.614
-73.705  6.914
-73.203  7.204
-72.702  7.487
-72.201  7.765
-71.699  8.045
-71.198  8.319
-70.696  8.597
-70.195  8.871
-69.694  9.131
-69.192  9.403
-68.691  9.663
-68.189  9.930
-67.688 10.185
-67.187 10.440
-66.685 10.704
-66.184 10.953
-65.682 11.201
-65.181 11.453
-64.680 11.703
-64.178 11.948
-63.677 12.189
-63.175 12.433
-62.674 12.664
-62.173 12.898
-61.671 13.130
-61.170 13.364
-60.669 13.610
-60.167 13.825
-59.666 14.052
-59.164 14.283
-58.663 14.511
-58.162 14.743
-57.660 14.970
-57.159 15.175
-56.657 15.374
-56.156 15.582
-55.655 15.790
-55.153 15.993
-54.652 16.208
-54.150 16.431
-53.649 16.609
-53.148 16.774
-52.646 16.933
-52.145 17.096
-51.643 17.299
-51.142 17.499
-50.641 17.706
-50.139 17.937
-49.638 18.124
-49.136 18.290
-48.635 18.471
-48.134 18.663
-47.632 18.848
-47.131 19.015
-46.630 19.187
-46.128 19.363
-45.627 19.546
-45.125 19.760
-44.624 19.950
-44.123 20.122
-43.621 20.300
-43.120 20.507
-42.618 20.722
-42.117 20.937
-41.616 21.103
-41.114 21.269
-40.613 21.447
-40.111 21.628
-39.610 21.814
-39.109 21.989
-38.607 22.180
-38.106 22.359
-37.604 22.542
-37.103 22.738
-36.602 22.910
-36.100 23.136
-35.599 23.329
-35.097 23.480
-34.596 23.606
-34.095 23.749
-33.593 23.915
-33.092 24.104
-32.591 24.282
-32.089 24.441
-31.588 24.548
-31.086 24.645
-30.585 24.780
-30.084 24.913
-29.582 25.046
-29.081 25.182
-28.579 25.331
-28.078 25.438
-27.577 25.556
-27.075 25.668
-26.574 25.783
-26.072 25.908
-25.571 26.023
-25.070 26.146
-24.568 26.270
-24.067 26.364
-23.565 26.430
-23.064 26.543
-22.563 26.644
-22.061 26.719
-21.560 26.807
-21.058 26.921
-20.557 27.044
-20.056 27.128
-19.554 27.170
-19.053 27.192
-18.552 27.240
-18.050 27.303
-17.549 27.367
-17.047 27.484
-16.546 27.596
-16.045 27.696
-15.543 27.711
-15.042 27.726
-14.540 27.731
-14.039 27.715
-13.538 27.766
-13.036 27.832
-12.535 27.896
-12.033 27.978
-11.532 28.024
-11.031 28.002
-10.529 27.974
-10.028 27.938
-9.526 27.900
-9.025 27.920
-8.524 27.958
-8.022 28.008
-7.521 28.060
-7.019 28.094
-6.518 28.090
-6.017 28.090
-5.515 28.071
-5.014 28.070
-4.513 28.113
-4.011 28.162
-3.510 28.205
-3.008 28.273
-2.507 28.343
-2.006 28.334
-1.504 28.304
-1.003 28.288
-0.501 28.278
 0.000 28.275
 0.501 28.309
 1.003 28.326
 1.504 28.360
 2.006 28.399
 2.507 28.408
 3.008 28.322
 3.510 28.289
 4.011 28.248
 4.513 28.236
 5.014 28.225
 5.515 28.226
 6.017 28.249
 6.518 28.276
 7.019 28.279
 7.521 28.226
 8.022 28.209
 8.524 28.175
 9.025 28.157
 9.526 28.170
10.028 28.222
10.529 28.256
11.031 28.310
11.532 28.341
12.033 28.267
12.535 28.214
13.036 28.154
13.538 28.101
14.039 28.104
14.540 28.137
15.042 28.130
15.543 28.134
16.045 28.122
16.546 28.016
17.047 27.916
17.549 27.825
18.050 27.741
18.552 27.706
19.053 27.708
19.554 27.695
20.056 27.677
20.557 27.603
21.058 27.459
21.560 27.337
22.061 27.263
22.563 27.178
23.064 27.095
23.565 27.060
24.067 27.023
24.568 26.915
25.070 26.794
25.571 26.662
26.072 26.549
26.574 26.433
27.075 26.307
27.577 26.184
28.078 26.066
28.579 25.951
29.081 25.824
29.582 25.708
30.084 25.582
30.585 25.462
31.086 25.333
31.588 25.228
32.089 25.127
32.591 24.979
33.092 24.814
33.593 24.641
34.095 24.491
34.596 24.346
35.097 24.225
35.599 24.069
36.100 23.892
36.602 23.667
37.103 23.469
37.604 23.295
38.106 23.122
38.607 22.989
39.109 22.812
39.610 22.577
40.111 22.395
40.613 22.201
41.114 22.000
41.616 21.812
42.117 21.625
42.618 21.447
43.120 21.251
43.621 21.056
44.123 20.879
44.624 20.711
45.125 20.531
45.627 20.326
46.128 20.112
46.630 19.945
47.131 19.778
47.632 19.589
48.134 19.394
48.635 19.197
49.136 19.001
49.638 18.828
50.139 18.624
50.641 18.410
51.142 18.215
51.643 18.034
52.145 17.849
52.646 17.638
53.148 17.465
53.649 17.299
54.150 17.120
54.652 16.920
55.153 16.701
55.655 16.511
56.156 16.327
56.657 16.085
57.159 15.860
57.660 15.652
58.162 15.427
58.663 15.197
59.164 14.978
59.666 14.738
60.167 14.492
60.669 14.250
61.170 14.012
61.671 13.779
62.173 13.555
62.674 13.288
63.175 13.044
63.677 12.802
64.178 12.545
64.680 12.316
65.181 12.039
65.682 11.788
66.184 11.531
66.685 11.265
67.187 10.990
67.688 10.722
68.189 10.453
68.691 10.187
69.192  9.910
69.694  9.626
70.195  9.355
70.696  9.071
71.198  8.780
71.699  8.503
72.201  8.207
72.702  7.925
73.203  7.633
73.705  7.336
74.206  7.043
74.708  6.744
75.209  6.421
75.710  6.097
76.212  5.740
76.713  5.349
77.214  4.898
77.716  4.376
78.217  4.453
78.719  4.549
79.220  4.628
79.721  4.707
80.223  4.761
80.724  4.764
81.226  4.843
81.727  4.990
82.228  5.183
82.730  5.371
83.231  5.588
83.733  5.802
84.234  5.995
84.735  6.332
85.237  6.682
85.738  7.424
86.240  8.516
86.741 11.064
87.242 45.437
87.744    nan
88.245    nan
88.747    nan
89.248    nan
89.749    nan
