0 0 140485647
1 140485647 140485647
2 280971294 140485647
3 421456941 140485647
4 561942588 140037910
5 701980498 139862294
6 841842792 139607599
7 981450391 139252418
8 1120702809 138971291
9 1259674100 138601306
10 1398275406 138201166
11 1536476572 137646097
12 1674122669 137175426
13 1811298095 136656070
14 1947954165 136056100
15 2084010265 135367239
16 2219377504 134608954
17 2353986458 133696018
18 2487682476 133013492
19 2620695968 132419952
20 2753115920 131800023
21 2884915943 131146213
22 3016062156 130282549
23 3146344705 129691582
24 3276036287 129140273
25 3405176560 128553830
26 3533730390 127924680
27 3661655070 127310658
28 3788965728 126474991
29 3915440719 125867274
30 4041307993 125291797
31 4166599790 124717481
32 4291317271 124110250
33 4415427521 123420169
34 4538847690 122826401
35 4661674091 122236664
36 4783910755 121552961
37 4905463716 120887254
38 5026350970 120331771
39 5146682741 119760939
40 5266443680 119138393
41 5385582073 118657703
42 5504239776 118143226
43 5622383002 117708251
44 5740091253 117395933
45 5857487186 117103960
46 5974591146 116835087
47 6091426233 116561165
48 6207987398 116272157
49 6324259555 116015390
50 6440274945 115759382
51 6556034327 115500103
52 6671534430 115211102
53 6786745532 114922953
54 6901668485 114622156
55 7016290641 114292417
56 7130583058 113925823
57 7244508881 113575447
58 7358084328 113202185
59 7471286513 112795306
60 7584081819 112362262
61 7696444081 111935743
62 7808379824 111473424
63 7919853248 110937105
64 8030790353 110401572
65 8141191925 109809671
66 8251001596 109165076
67 8360166672 108492395
68 8468659067 107692155
69 8576351222 106837021
70 8683188243 105811344
71 8788999587 104723554
72 8893723141 103406344
73 8997129485 101893207
74 9099022692 99929377
75 9198952069 97477702
76 9296429771 94639268
77 9391069039 91197318
78 9482266357 86747030
79 9569013387 81168973
80 9650182360 73996217
81 9724178577 65737928
82 9789916505 56239968
83 9846156473 44655136
84 9890811609 33218528
85 9924030137 21310453
86 9945340590 9602328
87 9954942918 2877972
88 9957820890 460242
89 9958281132 198094
