0 0 140494612
1 140494612 140494612
2 280989224 140494612
3 421483836 140494612
4 561978448 140046709
5 702025157 139870803
6 841895960 139616183
7 981512143 139261017
8 1120773160 138979779
9 1259752939 138609534
10 1398362473 138209007
11 1536571480 137654261
12 1674225741 137183476
13 1811409217 136664324
14 1948073541 136064850
15 2084138391 135376299
16 2219514690 134618060
17 2354132750 133704881
18 2487837631 133022818
19 2620860449 132429407
20 2753289856 131809307
21 2885099163 131155322
22 3016254485 130291242
23 3146545727 129699777
24 3276245504 129148678
25 3405394182 128562113
26 3533956295 127933021
27 3661889316 127319055
28 3789208371 126482879
29 3915691250 125874814
30 4041566064 125298816
31 4166864880 124724033
32 4291588913 124116268
33 4415705181 123426162
34 4539131343 122832633
35 4661963976 122243075
36 4784207051 121559859
37 4905766910 120894941
38 5026661851 120339505
39 5147001356 119768845
40 5266770201 119146949
41 5385917150 118666577
42 5504583727 118151877
43 5622735604 117717098
44 5740452702 117404648
45 5857857350 117112700
46 5974970050 116843796
47 6091813846 116569489
48 6208383335 116280474
49 6324663809 116023406
50 6440687215 115767277
51 6556454492 115507906
52 6671962398 115218962
53 6787181360 114930953
54 6902112313 114629887
55 7016742200 114300307
56 7131042507 113933637
57 7244976144 113583223
58 7358559367 113209905
59 7471769272 112802649
60 7584571921 112368995
61 7696940916 111942346
62 7808883262 111479605
63 7920362867 110943087
64 8031305954 110407536
65 8141713490 109815489
66 8251528979 109170486
67 8360699465 108497485
68 8469196950 107696892
69 8576893842 106842084
70 8683735926 105815597
71 8789551523 104727745
72 8894279268 103410630
73 8997689898 101897830
74 9099587728 99934787
75 9199522515 97483229
76 9297005744 94643703
77 9391649447 91202257
78 9482851704 86751009
79 9569602713 81173299
80 9650776012 74001794
81 9724777806 65742930
82 9790520736 56243229
83 9846763965 44657191
84 9891421156 33220329
85 9924641485 21314112
86 9945955597 9613719
87 9955569316 2884969
88 9958454285 461453
89 9958915738 198096
