0 0 140637966
1 140637966 140637966
2 281275932 140637966
3 421913898 140637966
4 562551864 140184205
5 702736069 140007284
6 842743353 139749982
7 982493335 139393229
8 1121886564 139111213
9 1260997777 138740747
10 1399738524 138340246
11 1538078770 137782148
12 1675860918 137309705
13 1813170623 136789312
14 1949959935 136188358
15 2086148293 135500066
16 2221648359 134743755
17 2356392114 133824940
18 2490217054 133140210
19 2623357264 132545507
20 2755902771 131925338
21 2887828109 131273245
22 3019101354 130407036
23 3149508390 129813744
24 3279322134 129262332
25 3408584466 128677683
26 3537262149 128048175
27 3665310324 127435442
28 3792745766 126600454
29 3919346220 125988244
30 4045334464 125412045
31 4170746509 124836460
32 4295582969 124228215
33 4419811184 123535101
34 4543346285 122938354
35 4666284639 122347017
36 4788631656 121665405
37 4910297061 120997357
38 5031294418 120441085
39 5151735503 119870330
40 5271605833 119245715
41 5390851548 118764380
42 5509615928 118249838
43 5627865766 117811279
44 5745677045 117498326
45 5863175371 117205923
46 5980381294 116937566
47 6097318860 116664631
48 6213983491 116375990
49 6330359481 116119970
50 6446479451 115865317
51 6562344768 115607905
52 6677952673 115321321
53 6793273994 115035384
54 6908309378 114737018
55 7023046396 114410455
56 7137456851 114046496
57 7251503347 113698973
58 7365202320 113329392
59 7478531712 112926424
60 7591458136 112496143
61 7703954279 112072487
62 7816026766 111614110
63 7927640876 111081554
64 8038722430 110549989
65 8149272419 109963259
66 8259235678 109323156
67 8368558834 108656914
68 8477215748 107863614
69 8585079362 107017823
70 8692097185 106001244
71 8798098429 104926988
72 8903025417 103626254
73 9006651671 102133970
74 9108785641 100195203
75 9208980844 97772933
76 9306753777 94962671
77 9401716448 91553625
78 9493270073 87134150
79 9580404223 81587216
80 9661991439 74435386
81 9736426825 66192445
82 9802619270 56697853
83 9859317123 45098130
84 9904415253 33627813
85 9938043066 21679954
86 9959723020 9886795
87 9969609815 3012930
88 9972622745 491675
89 9973114420 207589
