-89.749  9.221
-89.248  5.313
-88.747  4.757
-88.245  4.580
-87.744  4.381
-87.242  4.174
-86.741  4.085
-86.240  3.889
-85.738  3.837
-85.237  3.877
-84.735  3.904
-84.234  3.764
-83.733  3.641
-83.231  3.567
-82.730  3.512
-82.228  3.480
-81.727  3.442
-81.226  3.409
-80.724  3.387
-80.223  3.387
-79.721  3.390
-79.220  3.395
-78.719  3.395
-78.217  3.396
-77.716  3.397
-77.214  3.396
-76.713  3.385
-76.212  3.380
-75.710  3.366
-75.209  3.349
-74.708  3.332
-74.206  3.316
-73.705  3.293
-73.203  3.555
-72.702  3.956
-72.201  4.228
-71.699  4.462
-71.198  4.672
-70.696  4.865
-70.195  5.055
-69.694  5.236
-69.192  5.411
-68.691  5.589
-68.189  5.754
-67.688  5.931
-67.187  6.088
-66.685  6.260
-66.184  6.412
-65.682  6.576
-65.181  6.724
-64.680  6.886
-64.178  7.031
-63.677  7.179
-63.175  7.334
-62.674  7.476
-62.173  7.624
-61.671  7.766
-61.170  7.910
-60.669  8.056
-60.167  8.194
-59.666  8.336
-59.164  8.473
-58.663  8.613
-58.162  8.744
-57.660  8.880
-57.159  9.015
-56.657  9.156
-56.156  9.288
-55.655  9.421
-55.153  9.551
-54.652  9.681
-54.150  9.815
-53.649  9.947
-53.148 10.077
-52.646 10.205
-52.145 10.338
-51.643 10.464
-51.142 10.595
-50.641 10.720
-50.139 10.846
-49.638 10.972
-49.136 11.094
-48.635 11.217
-48.134 11.340
-47.632 11.460
-47.131 11.581
-46.630 11.699
-46.128 11.819
-45.627 11.933
-45.125 12.048
-44.624 12.161
-44.123 12.275
-43.621 12.385
-43.120 12.490
-42.618 12.601
-42.117 12.707
-41.616 12.813
-41.114 12.911
-40.613 13.008
-40.111 13.112
-39.610 13.207
-39.109 13.309
-38.607 13.409
-38.106 13.510
-37.604 13.605
-37.103 13.703
-36.602 13.800
-36.100 13.898
-35.599 13.993
-35.097 14.087
-34.596 14.180
-34.095 14.270
-33.593 14.366
-33.092 14.451
-32.591 14.540
-32.089 14.627
-31.588 14.713
-31.086 14.796
-30.585 14.878
-30.084 14.964
-29.582 15.040
-29.081 15.121
-28.579 15.192
-28.078 15.277
-27.577 15.351
-27.075 15.423
-26.574 15.491
-26.072 15.566
-25.571 15.639
-25.070 15.719
-24.568 15.784
-24.067 15.851
-23.565 15.914
-23.064 15.976
-22.563 16.037
-22.061 16.095
-21.560 16.149
-21.058 16.212
-20.557 16.262
-20.056 16.316
-19.554 16.366
-19.053 16.421
-18.552 16.475
-18.050 16.517
-17.549 16.568
-17.047 16.613
-16.546 16.653
-16.045 16.712
-15.543 16.745
-15.042 16.795
-14.540 16.838
-14.039 16.874
-13.538 16.914
-13.036 16.951
-12.535 16.993
-12.033 17.020
-11.532 17.066
-11.031 17.103
-10.529 17.126
-10.028 17.168
-9.526 17.199
-9.025 17.228
-8.524 17.254
-8.022 17.281
-7.521 17.310
-7.019 17.337
-6.518 17.351
-6.017 17.373
-5.515 17.399
-5.014 17.415
-4.513 17.436
-4.011 17.444
-3.510 17.470
-3.008 17.477
-2.507 17.489
-2.006 17.502
-1.504 17.506
-1.003 17.516
-0.501 17.522
 0.000 17.520
 0.501 17.530
 1.003 17.531
 1.504 17.532
 2.006 17.525
 2.507 17.517
 3.008 17.524
 3.510 17.503
 4.011 17.502
 4.513 17.493
 5.014 17.473
 5.515 17.468
 6.017 17.450
 6.518 17.430
 7.019 17.420
 7.521 17.394
 8.022 17.386
 8.524 17.358
 9.025 17.335
 9.526 17.329
10.028 17.283
10.529 17.266
11.031 17.237
11.532 17.194
12.033 17.177
12.535 17.142
13.036 17.115
13.538 17.074
14.039 17.037
14.540 17.006
15.042 16.967
15.543 16.938
16.045 16.894
16.546 16.861
17.047 16.815
17.549 16.760
18.050 16.726
18.552 16.691
19.053 16.640
19.554 16.608
20.056 16.548
20.557 16.504
21.058 16.448
21.560 16.396
22.061 16.354
22.563 16.283
23.064 16.232
23.565 16.168
24.067 16.108
24.568 16.056
25.070 15.985
25.571 15.928
26.072 15.848
26.574 15.779
27.075 15.711
27.577 15.640
28.078 15.571
28.579 15.492
29.081 15.421
29.582 15.346
30.084 15.271
30.585 15.196
31.086 15.105
31.588 15.027
32.089 14.944
32.591 14.852
33.092 14.769
33.593 14.680
34.095 14.594
34.596 14.501
35.097 14.411
35.599 14.316
36.100 14.230
36.602 14.132
37.103 14.034
37.604 13.946
38.106 13.840
38.607 13.752
39.109 13.638
39.610 13.549
40.111 13.447
40.613 13.350
41.114 13.256
41.616 13.153
42.117 13.055
42.618 12.951
43.120 12.842
43.621 12.738
44.123 12.623
44.624 12.518
45.125 12.403
45.627 12.292
46.128 12.174
46.630 12.059
47.131 11.931
47.632 11.822
48.134 11.690
48.635 11.578
49.136 11.443
49.638 11.330
50.139 11.200
50.641 11.074
51.142 10.942
51.643 10.818
52.145 10.685
52.646 10.555
53.148 10.415
53.649 10.285
54.150 10.150
54.652 10.009
55.153  9.883
55.655  9.741
56.156  9.606
56.657  9.462
57.159  9.323
57.660  9.181
58.162  9.039
58.663  8.895
59.164  8.745
59.666  8.609
60.167  8.454
60.669  8.304
61.170  8.163
61.671  8.005
62.173  7.851
62.674  7.703
63.175  7.542
63.677  7.385
64.178  7.229
64.680  7.074
65.181  6.916
65.682  6.747
66.184  6.580
66.685  6.413
67.187  6.252
67.688  6.080
68.189  5.905
68.691  5.726
69.192  5.538
69.694  5.358
70.195  5.174
70.696  4.969
71.198  4.767
71.699  4.554
72.201  4.320
72.702  4.068
73.203  3.765
73.705  3.701
74.206  3.710
74.708  3.718
75.209  3.735
75.710  3.744
76.212  3.766
76.713  3.777
77.214  3.800
77.716  3.811
78.217  3.834
78.719  3.844
79.220  3.862
79.721  3.868
80.223  3.885
80.724  3.888
81.226  3.903
81.727  3.892
82.228  3.898
82.730  3.886
83.231  3.888
83.733  3.892
84.234  3.895
84.735  3.932
85.237  3.929
85.738  3.916
86.240  3.982
86.741  4.060
87.242  4.182
87.744  4.408
88.245  4.573
88.747  5.086
89.248  6.333
89.749 28.288
